232
Toshima
65 1890 978 2105 270
    65  1355
    68  1808
    69  1136
    74  1151
    79  1701
    89  1384
    89  1175
    99  1580
   124  1865
   134  1842
   151  1353
   159  1680
   169  2076
   171  1628
   178  2020
   179  1461
   206  1580
   213   992
   218  1785
   218  1251
   266  1641
   298  1686
   299  2099
   300  1074
   305  1303
   306  1517
   309  1040
   316  1477
   322  1500
   342  1513
   343  1584
   351  1004
   355  1235
   357  1500
   363  1516
   369  1559
   372  1573
   378  1550
   391  2066
   392  1647
   415  2077
   422  1074
   427  1807
   439  1359
   440  1096
   443  1520
   454  1347
   468  1345
   474  1330
   488  1313
   492  1786
   496  1061
   500  1971
   507  1750
   517  1469
   524  1251
   526  1530
   555  2024
   556  1622
   556  1452
   556  1952
   587  1484
   596  1875
   599  1447
   607  1304
   608  2043
   614  1258
   618  1664
   622  1114
   624  1430
   629  2054
   632  1402
   655  1439
   661  1412
   668  1076
   672  1647
   677  1130
   677  1439
   682   981
   683  1729
   684  2070
   694  1695
   704  1950
   708  2024
   714  1950
   720  2097
   722  1273
   722  1535
   724  1953
   732  1746
   734  1667
   741  1732
   752  1304
   755  1134
   757  1835
   764  1006
   769  1663
   775  1019
   778  2096
   806  1439
   813  1079
   816  1824
   851  1754
   860  1748
   865  1739
   870  1500
   883  1736
   885  1758
   896  1664
   903  1079
   910  1928
   918  1006
   925   994
   943  1888
   946  1458
   948  1701
   950  1380
   964  1684
   966  1474
   974  1624
   984  1971
   988  1955
  1016  1067
  1024  1277
  1027  1831
  1030  1322
  1045  1880
  1046  1848
  1050  1311
  1059  1541
  1070  1683
  1082  1950
  1087  1933
  1092  1391
  1108  1182
  1109  1097
  1118  1378
  1121  1301
  1132  1834
  1141  1909
  1151  1865
  1156  1363
  1166  1762
  1175  1754
  1179  1627
  1180  1211
  1196  2052
  1203  1196
  1207  1661
  1208  1844
  1215  1055
  1216  1595
  1218  1703
  1219   989
  1220  1695
  1230  1256
  1246  1909
  1268  1781
  1271  1408
  1271  1199
  1275  1929
  1279  1939
  1288  1963
  1295  1946
  1300  2040
  1303  1954
  1311  1969
  1311  1325
  1328  1425
  1340  1939
  1344  1099
  1345  1425
  1349  1087
  1363  1431
  1366  2034
  1372  1670
  1379  1645
  1384  1624
  1406  2042
  1406  2029
  1408  1863
  1419  1551
  1425  1943
  1431  1554
  1438  1848
  1438  1145
  1462  1069
  1478  1306
  1478  1680
  1481  1381
  1521  1907
  1524  1260
  1542  1935
  1553  1833
  1566  1440
  1568  1505
  1573  1721
  1579  1468
  1579  1053
  1587  1281
  1634  1539
  1640  1968
  1642  1356
  1648  2052
  1662  1972
  1670  1553
  1677  1496
  1687  1125
  1692  1920
  1702  1650
  1709  1903
  1721  1586
  1722  1263
  1722  1888
  1723  1878
  1735  1444
  1736  1246
  1741  1524
  1743  1989
  1753  1388
  1777  1371
  1778  1201
  1781  1018
  1788  1005
  1810  1484
  1818  1829
  1819  1962
  1835  1328
  1853  1843
  1872  1814
  1884  1694
  1886  1820
