232
Drumlin
44 1353 910 2220 164
0438 2169
0351 2140
0095 2122
0057 2084
0355 2065
0402 2079
0423 1990
0248 2024
0182 2012
0440 1886
0057 1904
0439 1807
0436 1750
0444 1654
0313 1663
0444 1583
0383 1570
0112 1541
0174 1545
0440 1515
0376 1500
0064 1452
0180 1435
0421 1434
0106 1409
0393 1379
0344 1360
0298 1350
0247 1368
0078 1343
0446 1341
0182 1303
0343 1303
0126 1271
0285 1258
0366 1258
0350 1208
0094 1176
0205 1175
0257 1175
0396 1176
0450 1173
0319 1152
0362 1140
0070 1137
0418 1125
0046 1110
0107 1110
0190 1103
0242 1108
0308 1054
0434 1043
0097 1043
0053 1012
0146 0997
0206 1010
0271 1010
0442 1010
0369 0978
0399 0961
0429 0974
0123 0934
0207 0919
0270 0915
0353 0936
0378 0924
0631 2212
0702 2180
0566 2143
0720 2154
0762 2151
0745 2123
0835 2125
0569 2090
0630 2103
0675 2113
0701 2106
0697 2072
0580 2012
0679 2030
0716 1992
0682 1947
0580 1889
0536 1852
0795 1860
0886 1856
0697 1829
0537 1806
0848 1800
0826 1784
0530 1734
0721 1730
0827 1717
0505 1672
0567 1694
0671 1663
0702 1677
0794 1667
0900 1637
0695 1621
0536 1628
0487 1601
0588 1606
0904 1594
0555 1569
0687 1571
0756 1571
0883 1559
0517 1542
0626 1505
0697 1514
0881 1503
0594 1484
0684 1480
0473 1466
0825 1460
0554 1444
0511 1426
0689 1430
0848 1421
0709 1393
0571 1371
0827 1366
0555 1348
0917 1343
0695 1336
0497 1328
0664 1302
0505 1282
0754 1288
0839 1268
0524 1242
0695 1237
0779 1237
0518 1170
0629 1164
0650 1178
0905 1172
0517 1117
0825 1118
0624 1097
0682 1092
0490 1065
0752 1046
0899 1031
0617 0998
0787 0997
0503 0965
0745 0972
0858 0973
0584 0933
0700 0913
0795 0913
0934 0918
0901 2206
1025 2157
1095 2142
0951 2124
0926 2085
1005 2091
1080 2093
1219 2088
1257 2054
0937 2031
0990 2033
1020 2022
0952 1960
1000 1958
1336 1969
0927 1909
1034 1919
1345 1911
1082 1887
1258 1885
0955 1823
0991 1814
1018 1826
1076 1829
1177 1815
1186 1840
1288 1820
0926 1795
1221 1795
0925 1765
1090 1768
1193 1761
1019 1710
1166 1721
1350 1708
0924 1695
1040 1697
1271 1686
0978 1684
1331 1664
0984 1620
1334 1591
0946 1561
1240 1562
1342 1551
1185 1530
1291 1524
1345 1509
0938 1486
1344 1449
1128 1421
1292 1424
1283 1358
1090 1330
1077 1288
1218 1268
1285 1240
1036 1210
1082 1149
1093 1170
1253 1177
1316 1162
0954 1103
1004 1128
1158 1109
1217 1108
1282 1122
1044 1090
1084 1070
1026 1030
1117 0996
1153 1042
0955 0956
1004 0986
1093 0968
1210 0962
1062 0924
1194 0917
