1 
105 
317.3501 93.15816
317.364 93.22914
317.3727 93.3207
317.4023 93.38679
317.4785 93.38882
317.4871 93.45637
317.4670 93.52148
317.5072 93.65698
317.5528 93.7528
317.5552 93.84336
317.6117 93.86206
317.7282 93.8952
317.8046 93.81083
317.8712 93.69503
317.9629 93.60056
317.9215 93.43883
317.9315 93.25885
317.9963 93.10203
317.9284 93.04953
317.8426 92.97986
317.7969 92.8614
317.7409 92.89996
317.7889 92.82841
317.7360 92.73805
317.6357 92.69493
317.6026 92.72543
317.4844 92.64864
317.4445 92.54597
317.4242 92.4933
317.5481 92.4789
317.7326 92.37324
317.8098 92.29678
317.9795 92.2994
318.0062 92.15032
317.9915 92.04499
318.0591 92.0317
318.021 91.9497
317.9251 91.98268
317.8780 92.01659
317.815 92.02729
317.7812 92.05223
317.7314 92.03021
317.6697 91.98086
317.6577 91.9182
317.6082 91.94144
317.5317 91.98264
317.5407 91.90144
317.5102 91.79038
317.4726 91.74955
317.2593 91.74591
317.2033 91.7915
317.1228 91.7691
317.0824 91.7605
317.0843 91.77104
316.9512 91.7745
316.8917 91.7737
316.8837 91.78889
316.8023 91.77678
316.7249 91.78513
316.6370 91.77823
316.6003 91.72394
316.5545 91.73088
316.5038 91.77402
316.4809 91.71277
316.4164 91.72645
316.3707 91.74367
316.3026 91.71428
316.2563 91.702
316.2013 91.6787
316.1636 91.66837
316.2643 91.75067
316.2361 91.81156
316.3127 91.9039
316.3952 91.91097
316.4209 91.94312
316.4689 91.96004
316.4797 91.8893
316.5173 91.94232
316.5808 92.00445
316.6778 91.94444
316.8321 91.95919
316.8908 91.94161
316.8947 92.11817
316.8469 92.21952
316.9206 92.27069
316.8693 92.39573
316.8574 92.59142
316.8845 92.61746
317.0515 92.573
317.108 92.52248
317.1798 92.5366
317.2446 92.56925
317.3624 92.63748
317.4015 92.69787
317.2048 92.78319
317.1734 92.92751
317.3021 92.84552
317.3034 92.91617
317.3907 92.98261
317.4786 92.93507
317.4567 93.04823
317.5428 93.1414
317.4708 93.1045
317.4096 93.08861
317.3168 93.0415
