1 
70 
317.7923 92.71032
317.8721 92.81397
317.8161 92.86238
317.9423 92.94864
317.9708 93.06514
317.9024 93.14354
317.9944 93.10121
318.0435 93.05119
318.0752 93.15552
318.1362 93.34843
318.2878 93.38389
318.5084 93.41663
318.5511 93.25283
318.5019 93.18095
318.5958 93.02759
318.7896 92.88882
318.7635 92.77466
318.8625 92.76704
318.9 92.6019
318.8984 92.56074
318.8406 92.38701
318.9642 92.42784
319.0633 92.56795
319.1674 92.54714
319.1152 92.4234
319.0326 92.31596
319.1695 92.36221
319.0662 92.23476
319.0413 92.09074
319.1166 91.98645
319.2321 91.98661
319.2698 91.9251
319.1771 91.86553
318.9887 91.8624
318.7962 91.82497
318.5386 91.83337
318.4269 91.85156
318.2711 91.85401
318.168 91.87571
317.9057 91.87077
317.7538 91.78774
317.7905 91.94506
317.7827 91.9935
317.8094 92.01677
317.6982 91.97886
317.6621 91.8611
317.6485 91.8975
317.6089 91.939
317.5289 91.93032
317.5136 91.8742
317.3902 91.96788
317.3164 91.9879
317.3072 92.021
317.263 91.88749
317.2742 91.81092
317.1592 91.81743
317.0437 91.82041
317.0804 92.02054
317.0768 92.1367
317.2143 92.15653
317.3779 92.17453
317.5140 92.27006
317.5084 92.335
317.4464 92.41686
317.5979 92.42997
317.7568 92.3773
317.7674 92.48837
317.7331 92.54184
317.7872 92.59388
317.7876 92.69869
